
2.6.32-pe
	0 0
	8625 1
	8682 2
	8683 4
	8705 1
	8706 2
	8717 2
	8728 2
	8729 3
	8740 17
	8751 5
	8752 10
	8763 24
	8774 9
	8775 10
	8786 29
	8797 33
	8798 18
	8809 37
	8820 11
	8821 23
	8832 72
	8843 19
	8844 24
	8855 55
	8866 29
	8867 33
	8878 45
	8889 21
	8890 22
	8901 49
	8912 29
	8913 16
	8924 33
	8935 21
	8936 17
	8947 34
	8958 18
	8959 15
	8970 29
	8981 10
	8982 21
	8993 20
	9004 9
	9005 11
	9016 18
	9027 8
	9028 10
	9039 9
	9050 4
	9051 1
	9062 4
	9073 2
	9074 3
	9085 3
	9096 1
	9097 2
	9108 10
	9119 2
	9120 3
	9131 3
	9142 2
	9143 4
	9154 4
	9165 1
	9166 1
	9177 3
	9188 1
	9189 2
	9200 1
	9211 2
	9223 1
	9234 1
	9246 2
	9257 1
	9281 1
	9292 1
	9315 3
	9326 1
	9338 1
	9373 1
	9395 1
	9396 1
	9407 1
	9418 1
	9419 1
	9441 1
	9442 1
	9545 1
	9591 1
	9683 1
	13282 1
	156147 1

2.6.33-pe
	0 0
	8223 1
	8280 1
	8292 1
	8303 1
	8314 1
	8326 2
	8337 10
	8338 6
	8349 12
	8360 3
	8361 5
	8372 13
	8383 13
	8384 12
	8395 24
	8406 15
	8407 20
	8418 42
	8429 18
	8430 23
	8441 45
	8452 36
	8453 24
	8464 56
	8475 23
	8476 35
	8487 58
	8498 31
	8499 30
	8510 57
	8521 27
	8522 23
	8533 37
	8544 22
	8545 18
	8556 41
	8567 10
	8568 10
	8579 23
	8590 3
	8591 6
	8602 15
	8613 5
	8614 7
	8625 8
	8636 2
	8637 5
	8648 5
	8659 4
	8660 1
	8671 9
	8683 4
	8694 5
	8705 2
	8706 1
	8717 6
	8728 4
	8729 1
	8740 7
	8751 6
	8752 1
	8763 4
	8774 7
	8775 3
	8786 5
	8797 4
	8798 4
	8809 7
	8820 4
	8821 2
	8832 6
	8843 2
	8844 2
	8855 4
	8867 1
	8878 6
	8889 1
	8890 1
	8901 4
	8912 1
	8913 1
	8924 2
	8958 1
	8970 2
	8981 1
	9016 1
	9074 1
	9096 1
	9464 1
	9465 1
	9614 1
	9706 1
	9717 1
	14559 1
	43482 1
	153421 1
	166635 1
	192383 1

2.6.34-pe
	0 0
	10074 1
	10109 1
	10132 3
	10143 1
	10154 5
	10155 3
	10166 14
	10177 7
	10178 7
	10189 16
	10200 12
	10201 6
	10212 19
	10223 11
	10224 9
	10235 32
	10246 13
	10247 13
	10258 38
	10269 20
	10270 24
	10281 46
	10292 21
	10293 14
	10304 43
	10315 35
	10316 19
	10327 45
	10338 26
	10339 13
	10350 32
	10361 13
	10362 14
	10373 37
	10384 9
	10385 9
	10396 19
	10407 9
	10408 8
	10419 16
	10430 6
	10431 6
	10442 9
	10453 7
	10454 4
	10465 12
	10476 4
	10477 3
	10488 11
	10499 11
	10500 9
	10511 13
	10522 4
	10523 11
	10534 26
	10545 13
	10546 9
	10557 15
	10568 13
	10569 5
	10580 13
	10591 6
	10592 8
	10603 18
	10614 7
	10615 8
	10626 13
	10637 4
	10638 5
	10649 13
	10660 4
	10661 4
	10672 7
	10683 4
	10684 1
	10695 2
	10706 1
	10707 1
	10718 3
	10730 3
	10741 2
	10752 2
	10753 1
	10764 1
	10787 3
	10821 1
	10833 3
	10867 1
	10913 1
	10925 2
	10960 1
	10994 2
	11178 1
	11190 1
	43953 1
	241535 1
	314744 1

2.6.35-pe
	0 0
	8038 2
	8050 2
	8062 1
	8073 1
	8084 3
	8085 1
	8096 7
	8107 6
	8108 3
	8119 12
	8130 8
	8131 10
	8142 29
	8153 15
	8154 18
	8165 30
	8176 17
	8177 17
	8188 47
	8199 27
	8200 30
	8211 63
	8222 41
	8223 42
	8234 80
	8245 37
	8246 23
	8257 70
	8268 27
	8269 23
	8280 44
	8291 24
	8292 18
	8303 47
	8314 20
	8315 15
	8326 34
	8337 15
	8338 11
	8349 27
	8360 7
	8361 5
	8372 9
	8383 3
	8384 4
	8395 9
	8406 5
	8407 2
	8418 2
	8429 2
	8441 4
	8452 1
	8453 4
	8464 1
	8487 2
	8498 1
	8499 2
	8510 1
	8544 1
	8545 1
	8556 1
	8567 1
	8568 1
	8579 1
	8602 1
	8613 1
	8614 1
	8625 1
	8832 1
	9016 1
	9511 1

2.6.36-pe
	0 0
	8314 1
	8315 1
	8337 3
	8338 2
	8349 4
	8360 3
	8361 8
	8372 10
	8383 13
	8384 9
	8395 22
	8406 15
	8407 9
	8418 40
	8429 28
	8430 20
	8441 42
	8452 25
	8453 27
	8464 55
	8475 31
	8476 38
	8487 74
	8498 38
	8499 29
	8510 76
	8521 39
	8522 23
	8533 55
	8544 20
	8545 28
	8556 39
	8567 18
	8568 21
	8579 30
	8590 14
	8591 12
	8602 21
	8613 7
	8614 11
	8625 12
	8636 5
	8637 5
	8648 6
	8659 4
	8660 3
	8671 7
	8682 3
	8683 1
	8694 2
	8728 1
	8729 2
	8740 1
	8763 2
	8774 1
	8775 1
	8786 1
	8797 1
	8867 1
	8924 1
	8947 1
	9131 1
	9970 1

2.6.37-pe
	0 0
	9143 1
	9165 1
	9166 1
	9177 8
	9188 1
	9189 3
	9200 4
	9211 3
	9212 3
	9223 8
	9234 4
	9235 8
	9246 12
	9257 10
	9258 9
	9269 22
	9280 12
	9281 14
	9292 21
	9303 18
	9304 20
	9315 33
	9326 21
	9327 22
	9338 49
	9349 25
	9350 29
	9361 47
	9372 25
	9373 29
	9384 58
	9395 14
	9396 23
	9407 53
	9418 24
	9419 18
	9430 48
	9441 21
	9442 16
	9453 49
	9464 19
	9465 18
	9476 16
	9487 9
	9488 12
	9499 16
	9510 6
	9511 7
	9522 9
	9533 2
	9534 4
	9545 8
	9556 1
	9557 2
	9568 8
	9579 3
	9580 7
	9591 12
	9603 4
	9614 7
	9625 4
	9626 5
	9637 2
	9648 3
	9649 1
	9660 4
	9671 1
	9672 3
	9683 3
	9694 2
	9695 4
	9706 5
	9717 3
	9718 3
	9729 3
	9740 2
	9752 3
	9764 1
	9775 2
	9786 1
	9787 1
	9809 1
	9810 1
	9832 1
	9844 1
	9855 1
	9867 1
	9890 2
	10086 1
	10258 1
	11718 1

2.6.38-pe
	0 0
	8625 1
	8636 1
	8637 1
	8648 6
	8659 3
	8671 6
	8682 1
	8683 5
	8694 7
	8705 9
	8706 3
	8717 16
	8728 7
	8729 8
	8740 16
	8751 9
	8752 17
	8763 35
	8774 18
	8775 26
	8786 51
	8797 23
	8798 23
	8809 65
	8820 25
	8821 26
	8832 55
	8843 29
	8844 16
	8855 60
	8866 28
	8867 23
	8878 56
	8889 20
	8890 26
	8901 44
	8912 23
	8913 9
	8924 25
	8935 13
	8936 10
	8947 21
	8958 5
	8959 8
	8970 10
	8981 9
	8982 4
	8993 11
	9004 3
	9005 4
	9016 10
	9028 3
	9039 4
	9050 2
	9051 1
	9062 6
	9073 1
	9074 4
	9085 3
	9096 4
	9097 5
	9108 2
	9120 2
	9131 7
	9142 1
	9143 2
	9154 5
	9165 3
	9166 3
	9177 4
	9188 4
	9200 4
	9212 1
	9246 1
	9257 1
	9258 2
	9269 2
	9280 1
	9292 1
	9303 1
	9338 1
	9349 1
	9361 2
	9453 1
	9464 1
	9488 1
	9511 1
	9522 1
	9556 1
	9614 2
	9694 1
	15847 1

2.6.39-pe
	0 0
	8510 1
	8533 1
	8556 2
	8567 1
	8590 1
	8602 4
	8613 1
	8614 1
	8625 8
	8636 5
	8637 2
	8648 9
	8659 7
	8660 2
	8671 12
	8682 9
	8683 9
	8694 20
	8705 17
	8706 8
	8717 38
	8728 15
	8729 11
	8740 32
	8751 11
	8752 18
	8763 44
	8774 22
	8775 22
	8786 36
	8797 27
	8798 28
	8809 49
	8820 30
	8821 10
	8832 44
	8843 27
	8844 27
	8855 35
	8866 23
	8867 26
	8878 35
	8889 19
	8890 17
	8901 25
	8912 15
	8913 12
	8924 21
	8935 10
	8936 9
	8947 24
	8958 11
	8959 5
	8970 5
	8981 5
	8982 4
	8993 11
	9004 4
	9005 5
	9016 8
	9027 2
	9028 5
	9039 4
	9051 2
	9062 3
	9074 1
	9085 8
	9096 2
	9097 3
	9108 4
	9119 4
	9120 3
	9131 3
	9142 2
	9143 1
	9154 5
	9165 2
	9166 4
	9177 5
	9188 1
	9189 1
	9200 1
	9212 3
	9223 1
	9234 1
	9246 2
	9258 1
	9269 2
	9281 1
	9326 1
	9361 1
	9396 1
	9453 1
	9626 1
	9901 1
	27680 1

3.0-pe
	0 0
	9062 1
	9073 1
	9085 1
	9108 6
	9119 3
	9120 3
	9131 6
	9142 12
	9143 7
	9154 20
	9165 11
	9166 9
	9177 27
	9188 25
	9189 17
	9200 37
	9211 18
	9212 29
	9223 51
	9234 38
	9235 25
	9246 67
	9257 37
	9258 28
	9269 62
	9280 34
	9281 35
	9292 50
	9303 21
	9304 21
	9315 56
	9326 18
	9327 20
	9338 34
	9349 25
	9350 15
	9361 30
	9372 15
	9373 7
	9384 20
	9395 5
	9396 1
	9407 8
	9418 5
	9419 6
	9430 6
	9441 7
	9442 3
	9453 4
	9465 1
	9476 2
	9488 2
	9499 5
	9511 1
	9522 3
	9533 1
	9534 1
	9568 1
	9591 1
	9614 1
	9626 2
	9637 2
	9649 1
	9694 1
	9706 1
	9717 1
	9729 1
	9741 1
	9764 1
	9787 1
	9901 1
	9936 1
	10292 1
	16123 1
	17457 1
	37283 1

3.1-pe
	0 0
	10086 1
	10097 1
	10108 1
	10109 1
	10120 4
	10131 3
	10132 2
	10143 13
	10154 6
	10155 4
	10166 9
	10177 9
	10178 6
	10189 26
	10200 15
	10201 9
	10212 30
	10223 11
	10224 23
	10235 36
	10246 15
	10247 14
	10258 47
	10269 21
	10270 28
	10281 51
	10292 20
	10293 31
	10304 57
	10315 28
	10316 20
	10327 48
	10338 10
	10339 14
	10350 44
	10361 15
	10362 13
	10373 20
	10384 11
	10385 13
	10396 13
	10407 11
	10408 8
	10419 8
	10430 8
	10431 4
	10442 8
	10453 2
	10454 3
	10465 8
	10476 6
	10477 7
	10488 10
	10499 8
	10500 3
	10511 19
	10522 7
	10523 12
	10534 18
	10545 7
	10546 3
	10557 17
	10568 6
	10569 6
	10580 9
	10591 10
	10592 6
	10603 13
	10614 6
	10615 5
	10626 5
	10637 3
	10638 3
	10649 4
	10660 1
	10672 6
	10683 1
	10684 4
	10706 2
	10729 1
	10764 1
	10775 1
	10798 1
	10799 1
	10810 2
	10833 1
	10844 1
	10856 1
	10879 1
	10959 1
	11063 1
	30360 1
